         2
         1      1500      1.00        85
         2      1700      1.05       105
       351
         0    0.0000    0.0000   20.6993   74.4211
         1    8.7636   40.6802   93.7365   29.3757
         2   15.8357   31.9304   23.5391   36.3091
         3   39.8836   31.6144    2.8525   68.6665
         4    2.0343   19.8507   53.7040   88.9426
         5   10.9346   40.9743    2.4498   92.4519
         6   33.2063   40.7782   69.1425   16.1649
         7   14.6710   49.8231    1.6306   57.3036
         8    5.7540    9.5021   97.7886   60.1590
         9   42.3853   42.0910   62.8899   58.9867
        10    1.9200    3.3633   43.3737    9.8590
        11   42.1343   26.5194   63.1186    4.9925
        12   40.1836   19.1559   63.8273   39.3434
        13   27.5658   10.7926   17.2345   91.1550
        14   16.5907   17.0778   33.5954   85.6625
        15   33.6361   38.2094   38.2692   34.3036
        16   14.5559   43.3361   26.2038   80.5548
        17   28.0069    9.7465   32.7405   37.9055
        18   23.1760   35.5055   78.3951   75.5038
        19   49.4099   26.8636   55.1360   92.6504
        20   16.5937   27.2442   22.1673   24.5888
        21    6.7693    2.9041   70.3387   38.9314
        22    9.4513   31.4664   96.0424   14.5840
        23   35.3714    3.4407   97.8202   43.1741
        24   15.9721   43.5743   71.8920   56.7567
        25   18.8682   38.4188   36.4315   64.9686
        26    2.7102   18.8509   58.6501   79.8199
        27   48.4075   41.4496   93.6189   16.9558
        28   37.5069   40.6154   69.2390   88.4920
        29    2.6751   34.1024   67.8927   44.4224
        30   49.6918    8.2421   62.0379   77.1148
        31   45.1409   35.5509   58.3777   76.5573
        32   29.0703   36.6447   93.2219   12.7863
        33   47.2961   40.4213    0.2722   26.3222
        34    3.7338   21.3282   41.2994   27.4579
        35    9.1717    0.1974   50.0460   40.8900
        36   49.2329   35.6086   90.1757   83.4521
        37   10.9267    6.0314   69.2023   29.6042
        38   44.1531   39.1034   82.0722    1.8517
        39   41.7956   33.3136   80.4352   21.4117
        40   49.6314   39.0933   76.6279   68.2146
        41   15.1833   20.8522   95.0076   28.7228
        42    2.8526    8.8576   77.5115   55.0676
        43   41.1983   20.0141   35.1803   19.6515
        44   27.0648   29.5843   12.8739   25.6310
        45   40.4107   11.6798    0.5185   25.5890
        46   23.1541   34.9561   80.9661    8.2291
        47   45.1268    1.3614   51.9050   36.0632
        48   20.3151    0.0153   97.2546   55.8380
        49   46.9670   15.3390   12.0874   57.8383
        50   25.8587   28.4073    4.3582   30.2243
        51   12.0374   33.1625    6.5886   40.2064
        52   26.6956    4.6057   31.1378   75.1283
        53   47.4843    4.3748   93.8074   93.4255
        54    7.5329   40.2200   12.2656   67.9448
        55   15.7196    9.8047   58.1379   52.2558
        56   13.3260    5.9874    4.6020   64.3537
        57    5.1068   40.2825   64.9359   61.5485
        58   46.0216    3.5500   61.7082   75.3545
        59   28.3973   28.1303    1.1606   85.8391
        60   48.1333   43.6205   52.8239   41.1577
        61   32.7045   29.2770   50.5192   69.8997
        62   38.1877    9.6351   37.6361   91.3854
        63   17.3063   16.3509   76.9427    2.2022
        64   25.5799   48.4986   33.1691    6.0355
        65   18.0641    5.6012   15.2217   58.2459
        66   44.8785   42.5199   34.1223   16.6617
        67   29.7479    2.9996   92.6289   25.7033
        68   12.1178   29.1423   72.9853   12.2224
        69    0.0563   17.3736   30.3579   38.3359
        70   18.1179   47.5687   31.2573   39.0525
        71   41.6201    0.9237   98.6057   70.6347
        72   36.3697    3.8827   38.0992    9.4100
        73   20.7797   39.9749   24.1269   70.1367
        74   35.5261    8.7688   17.7476   58.0519
        75   44.4241   31.3155   74.0883   29.3727
        76   49.0365    4.4327   72.0164   11.2910
        77   28.6813   41.9733   65.0511   24.3974
        78   16.9652    9.8217    9.2172   57.9881
        79   45.7486   12.7823   70.9101   71.8561
        80   27.5314   25.7492   55.8241   36.9319
        81    7.6531   28.5895   28.6168   81.5414
        82   48.4114    4.0236   12.2121   80.0598
        83    8.2295   40.4557   65.5154    6.3918
        84    0.3404   47.1825   38.7974   75.9734
        85    7.1061   37.7001   97.1191   16.8869
        86   38.0543   17.9355   83.9075   43.2009
        87    1.9871   30.1402   69.1557   51.7902
        88   16.1098   49.9157   89.7085   27.6600
        89   48.0203   13.3806   42.7093   22.1954
        90   29.6222   13.8418   37.5193   63.7742
        91   45.5396    2.4996   46.2882   70.8267
        92   32.4598    5.6933   18.8389   63.6963
        93   29.9712   31.9873   43.6450   13.5480
        94   47.9342   35.9985   43.4172   24.0916
        95   10.1926   32.2846   91.1784   15.0330
        96   49.5250   11.8386   20.6949   64.9330
        97   14.1331    5.7779   83.7446   75.5503
        98    1.6788   15.6693   75.9425   39.7640
        99   12.9059   37.5972   12.7054   30.8156
       100   13.2210   47.5598   87.4262   81.8794
       101    7.2590   39.0720   85.0435   91.8653
       102   18.4192    9.9527   55.9277   75.8786
       103   22.6366   34.1957   77.3699   76.9030
       104   13.2383   26.5458   42.9477   69.0453
       105   21.6369   11.9494   23.6546   12.0742
       106   36.8249   49.3962   38.9198   62.0041
       107    5.1587   29.8382   60.5063    3.1202
       108    0.7618   20.8506   47.7641   43.1106
       109   36.0227   16.4890   78.8310    4.8656
       110   31.1299   19.4007   99.1071   56.0245
       111   31.3593   33.6652   55.6968   40.4924
       112    0.9179   31.0673   24.4981   14.9226
       113   32.5497   20.5454   65.2325   47.5527
       114   42.8181    0.4138   58.9481    6.8009
       115   24.0112    5.6215   92.3898   52.6758
       116   44.9475   27.7904   54.1212   45.3223
       117   34.6145   34.0652   98.3949    1.9186
       118   44.5340   41.9117   14.5048   65.6611
       119   18.0226   20.9163   11.7204   98.7174
       120   47.1054   39.3677   92.8884   74.7979
       121   20.7401    2.9426   43.4025   26.3898
       122   11.2214   45.1711    6.4780   96.7181
       123    9.1627   24.5240   50.5346   57.1424
       124    1.2872   10.9414   59.9748   76.9671
       125   39.4145    5.4133   96.7633   74.5376
       126   23.4876   29.8287   86.9462   36.0156
       127   16.2641    0.7222   83.6163   61.3697
       128   22.3814    9.7774   45.8168   85.8872
       129   49.9066   25.9883   51.4887   29.9081
       130   28.1943    9.2316   31.8080   49.5027
       131   31.9021   32.6702   74.1181   96.4558
       132    7.3496    1.8850   91.1550   47.1933
       133   14.0588   31.9262   95.3743   27.1801
       134   31.2760   49.5749   48.9269   39.8361
       135   36.5501   27.0255   82.1939    7.1666
       136   41.0317   24.9242   86.7814   43.0651
       137   14.0554   27.2447   92.4856    9.6505
       138   47.7834   37.8300   31.9795   52.0107
       139    1.2118   28.6005   81.8363   67.3776
       140   21.6791   32.4034   43.9892   41.0210
       141   21.1683    9.2712   97.8456   73.0490
       142   34.1549   33.4604   10.0073   27.8179
       143    3.5296    0.0572   35.9157   60.8019
       144   31.2133   34.1652   85.7255   16.5410
       145   40.4791    2.7327   55.3266   45.6801
       146   27.7136   28.9284   42.6709   59.1328
       147   32.3706   41.6413   79.4234   23.0467
       148   25.2118    8.1615    8.4474   99.5176
       149    6.5773   46.3842   28.7442   54.8932
       150   18.3913   43.9888   11.2075   90.0286
       151    5.8875   25.9559   60.9172   94.9972
       152   17.6204    8.5182   64.6814   94.5345
       153    5.2355    7.1766   16.1545   29.8816
       154   27.6791   28.7734   55.0922   17.7201
       155   28.0577   22.7735   92.1709   37.5297
       156   35.1916   44.8881   16.2857   24.9738
       157   46.0615   46.9635   97.3556   90.8084
       158   19.8045    0.6637    4.4014   42.3343
       159    8.6980   38.8873   56.0261   57.5520
       160   16.6505    8.0935    8.4154   50.9512
       161   11.1258   16.7474   64.5903   74.2617
       162   20.1348   39.9527   57.8800   15.5102
       163   21.9561   48.0019   22.4476   95.3720
       164   31.5860   17.0577   14.1914   11.0792
       165    4.5671    3.4643   86.4538   45.0375
       166   15.8074   19.2958   56.7114   37.8255
       167   28.2786   35.6627   22.7819   23.3949
       168   44.0701   12.0255    0.0720   38.0588
       169   28.1733    4.3079   55.0031   44.2503
       170   13.5866   41.9513    3.9911   55.0527
       171   34.8560   34.2243   32.2188    6.1480
       172   46.0023   19.0726   61.9276   98.0984
       173    7.9392    3.5926   66.0704   23.7722
       174   29.9469   13.8091   79.9029    3.2424
       175   19.5433   22.8584   10.4558   71.6342
       176   35.1814   10.9044   81.8188    4.1625
       177   46.6016   27.1559   82.7794   17.0005
       178   38.3828   24.2089    2.5982   52.6351
       179   43.2584   17.6005   50.5661   44.0126
       180   13.1036   38.9437   55.4774   53.0464
       181   27.1499   49.2995   32.2644   95.9528
       182   48.9455   10.5476   84.7789    0.4011
       183   25.8560   26.4352   86.0696   87.6088
       184   27.4874   11.7076   40.4907   36.2811
       185   42.3137   27.2693   85.5929   64.6904
       186   45.0054   31.6756   35.9832   62.2085
       187   10.4787   44.4216    6.2067   12.2515
       188   34.5247   44.4729   75.1888   74.8646
       189   25.0272   38.2751   70.8915   39.0699
       190    2.2421   25.0821   60.5744   12.6192
       191   41.3843   13.8570   29.4157   89.9389
       192    5.8587    5.2315   18.2347   27.8226
       193    4.8699   44.0492   69.6739   62.8231
       194   14.8605   22.8695    1.4329   24.3135
       195   30.2500   24.4794   85.0130   32.8321
       196    5.2883   31.9342   58.9187   24.5965
       197   15.4836    7.9432   46.3738    9.9646
       198    4.0331    1.5169   79.3512   56.1418
       199   35.9529   28.7102   53.0765   82.5769
       200   10.1990   46.0234   48.1542   71.2599
       201   27.9667   39.5650   61.0788   23.5278
       202   33.5698   40.4326   78.1326   40.0058
       203   32.8269   46.9348   12.5323   60.9542
       204    2.7207   37.2557    0.1781   80.5634
       205   35.2443   41.9546   15.4693   40.6293
       206    7.8132   14.2960   25.3920   16.5667
       207   42.3968   37.8229   47.4441   31.8579
       208    5.6115   44.8126   14.9535   75.8069
       209   12.4153   36.2980   81.9595   53.8607
       210   26.7613   44.1878   19.0611   69.7822
       211    3.5886    8.6876   61.5061   24.6012
       212   37.8684    9.7011   71.2761   18.5406
       213   28.0759   39.1819   66.0415   59.0089
       214   23.4165   32.5103   49.5954   10.2710
       215    6.4156   40.8838   50.7392   68.5509
       216   15.0646   23.4425   40.5828   10.0939
       217   31.6198   17.3857   51.8333   39.1052
       218    8.3607    6.6955   67.8853   57.5062
       219   14.1428    5.2455   84.3897   89.0902
       220   19.4134   48.0513   71.4647   16.9325
       221   41.5147   45.2136   80.8289   34.8012
       222   46.5578   46.7038   48.8701   70.8362
       223   48.9262   42.5618   44.0315   14.9091
       224   14.5581   32.3021   94.8821   69.8436
       225    9.5559   39.3657   13.8522   51.0736
       226   41.3820   21.3102    0.8545   79.3340
       227   15.9293   34.0930   70.8717   46.6234
       228   30.0896   49.2862    0.0832   86.9491
       229   36.0957   46.3478   26.2142   50.2576
       230    0.8733    8.1807   70.5294   60.4745
       231   40.9166   37.1245   71.2587   36.7212
       232   40.7892   30.2574   31.2260   70.5469
       233   11.2499    7.4204   86.0724   81.4071
       234   11.2187   22.7371   93.6948   17.6400
       235   46.3229   10.5608   30.3938   30.8384
       236   15.5990   19.7661   54.7029   27.7811
       237    7.0806   26.0868   65.9943   95.9843
       238   42.4615   30.8114   41.6862    6.4540
       239   40.7997    5.5579   84.2460   20.3616
       240   11.3184   27.0834   47.1686   65.1387
       241   45.7562   13.1205   37.7237   99.8768
       242   11.4349   20.0887   13.5042   59.9427
       243   47.2376   46.1949   99.6699   56.3595
       244   36.0272   48.9135   54.2714    6.7762
       245   18.6866   34.1310    0.1498   91.7428
       246   26.9246    5.3398   23.6470   62.5250
       247   44.2663   25.1851   12.7261   74.8419
       248    7.2356   38.3957   70.0873   86.6733
       249   31.6367   34.6695   90.4796   37.6847
       250   42.0561   42.4419   35.6464   22.8306
       251   46.2298   39.6256   75.2059   83.3478
       252   29.7600   45.3949   87.2573   64.6148
       253    0.8148   17.8731   28.6141   32.2506
       254   38.9095   26.1895   91.3065   95.3457
       255   46.6393   41.7860   59.3581   58.8608
       256   18.3262    3.0818   67.8279   16.0009
       257   24.9389   49.6479   44.7262   95.7643
       258   20.3604   46.8938   85.6459    0.8878
       259    0.1018   29.9367   70.8193    7.0528
       260   39.8988   35.8019   84.7947   45.4855
       261    8.2787   16.3921   40.0434   57.9824
       262   34.1482   30.7707   37.5426   95.9077
       263   17.7263    4.2157   19.7474   32.8558
       264    0.7369   13.2331   84.3490   74.4426
       265    9.6746   10.2570   30.8320   78.0813
       266    4.1696   39.1190    6.0824   40.6200
       267    1.0054   12.5348    0.1584   72.3623
       268    3.1771   25.8334   18.8277   52.2610
       269   42.5329   16.9478   25.5859   50.9703
       270   43.9997    1.2866    2.6103   15.9620
       271   39.1740   11.5244   27.4654   36.0532
       272   47.1421    6.5765    0.3662   41.4668
       273    0.7981   31.0634   85.4174   49.9346
       274   27.6398    6.4262   48.4850   39.3800
       275   45.0452   17.5182   84.2222   13.3541
       276    1.3765   23.9772   25.2548   26.6742
       277   35.9014   23.9747   17.6516   55.6050
       278   42.4904   29.0402   28.5367   29.4446
       279    4.3212   22.5759   24.0686   88.5195
       280   19.4093   21.4057   18.9973   97.3645
       281    9.6853   39.2429   52.6242   21.2569
       282   49.5528   13.3145   90.2273   69.2936
       283   13.3826    0.5461   83.8797   17.8459
       284   25.2423   27.6911   52.0739   54.4934
       285   48.3062   40.5761   53.6817   24.4364
       286   25.8553   41.2411   38.5152   18.9028
       287   30.5525   28.1672   54.1183   18.2117
       288   43.7657   14.0134   76.4062   90.9256
       289   22.1116   37.3249   10.3853   54.9155
       290   14.1071    9.5302   76.4215   26.1855
       291   15.8387   46.2080   57.3896   16.9467
       292    0.8998   22.0852   32.5261   95.6987
       293   26.4958   12.5181   64.9180   88.9746
       294    4.5789   40.3116   41.3004   86.9201
       295   34.1516   35.6474   85.2002   13.0283
       296   18.4639   38.6223   77.4476   32.1142
       297   38.7306   28.4362   21.6940    0.0133
       298   24.2088    0.6237   86.8128    3.5051
       299   46.9985   33.8925   42.9196   99.6073
       300   28.7706   41.1032   83.2411   39.6574
       301   25.7738   34.7244   90.1727   55.4902
       302    7.9365    5.6939   60.6023   92.5429
       303   17.6552   16.0368   52.9442   97.8602
       304   33.9481   39.8175   56.3118    9.7446
       305   28.0530    4.0452   10.8738   50.1893
       306   27.2625   31.0057   27.6747   91.2518
       307    4.8137   16.1565   66.0661   52.1712
       308   34.9880   41.2040   27.3808   85.2996
       309   44.2273   20.2695   14.5977   25.8158
       310    1.0350    8.1566   89.4809   12.7056
       311   19.7062   13.6464   31.0432   36.6412
       312    5.5200    7.4773   62.1690   34.1571
       313   41.9245   44.2066   64.8474   26.9194
       314   13.4625   29.5042   48.7025   99.9016
       315   21.7066    9.5946   72.3737   22.9254
       316   35.3134   37.5435   42.7847   46.2947
       317   19.4555   31.8737   33.4544   43.1460
       318   14.3539   36.6012   69.7408   28.6568
       319   27.4074   18.1966   26.2732   59.3990
       320   18.5047   44.2054   69.8138    4.8936
       321   43.5048   30.3046   59.4070   87.8174
       322   26.5839   17.4207   84.9087    9.3322
       323    8.1739   48.2079   84.8548   11.6510
       324   11.5523    2.6563   35.1137   81.2264
       325   37.7980   25.8967   40.8828   62.8389
       326   35.7864   37.3688   96.3259   37.3849
       327    1.1748   49.4364   98.5128   14.3059
       328   35.9171   45.2626   15.3098    3.3738
       329   47.7458   20.2978   10.4832   59.9356
       330   37.2733   29.0876   23.5171   42.7489
       331    8.8894   49.2733   86.5091   84.1741
       332    0.4702   27.6369   35.9953   48.7689
       333    6.0639    8.8318   43.6716   48.2163
       334   15.1805   16.0467   46.7135   88.0436
       335   12.0913    4.2631    5.7627   44.7296
       336   18.6274   40.9980   56.6342   10.5703
       337   24.3704   36.4631   50.4147   98.0658
       338   28.8401   44.9239   95.8573   65.6107
       339   21.3084   41.7128   27.8428   11.9166
       340   45.2089   45.8220   26.1674   87.8625
       341   35.7594    6.3004    0.0271   91.3649
       342   31.3797    1.7751   35.3093   43.3785
       343   41.7601   16.3405   74.1648   91.2839
       344    8.0275    1.7810   59.3221   49.6852
       345   13.3508   15.6396   29.2182   68.0395
       346   45.5474   36.9928   94.2595    9.5558
       347   26.7706    6.9622   59.3888   36.4471
       348    9.2019   18.9717   83.6236   22.8897
       349   39.8172   44.5457   83.3433   58.9367
       350   21.7643   24.0539   92.8414   66.1520
